x1 = 0.001723/10000;
x2 = 0.003531/20000;
x3 = 0.008202/50000;
x4 = 0.015863/100000;
x = (x1+x2+x3+x4)/4

x1 = 0.012535/10000;
x2 = 0.025221/20000;
x3 = 0.069791/50000;
x4 = 0.141836/100000;
x = (x1+x2+x3+x4)/4

x1 = 0.000307/10000;
x2 = 0.00038/20000;
x3 = 0.000826/50000;
x4 = 0.001329/100000;
x = (x1+x2+x3+x4)/4