UQ 6 jobs:
	Job: "4" priority: 1164 time: Wed Apr 29 12:09:20 1992 GMT (704549360)
	Job: "1" priority: 1037 time: Sun Apr 26 15:30:54 1992 GMT (704302254)
	Job: "6" priority: 1122 time: Sun Apr 26 16:19:29 1992 GMT (704305169)
	Job: "2" priority: 826 time: Mon Apr 27 22:53:07 1992 GMT (704415187)
	Job: "5" priority: 908 time: Sat Apr 25 18:15:28 1992 GMT (704225728)
	Job: "3" priority: 828 time: Sat Apr 25 16:23:44 1992 GMT (704219024)
TQ 6 jobs:
	Job: "3" priority: 828 time: Sat Apr 25 16:23:44 1992 GMT (704219024)
	Job: "5" priority: 908 time: Sat Apr 25 18:15:28 1992 GMT (704225728)
	Job: "1" priority: 1037 time: Sun Apr 26 15:30:54 1992 GMT (704302254)
	Job: "4" priority: 1164 time: Wed Apr 29 12:09:20 1992 GMT (704549360)
	Job: "2" priority: 826 time: Mon Apr 27 22:53:07 1992 GMT (704415187)
	Job: "6" priority: 1122 time: Sun Apr 26 16:19:29 1992 GMT (704305169)
UQ 14 jobs:
	Job: "4" priority: 1164 time: Wed Apr 29 12:09:20 1992 GMT (704549360)
	Job: "10" priority: 1130 time: Sun Apr 26 17:32:27 1992 GMT (704309547)
	Job: "6" priority: 1122 time: Sun Apr 26 16:19:29 1992 GMT (704305169)
	Job: "1" priority: 1037 time: Sun Apr 26 15:30:54 1992 GMT (704302254)
	Job: "9" priority: 1093 time: Fri May  1 05:05:41 1992 GMT (704696741)
	Job: "13" priority: 943 time: Thu Apr 30 18:21:45 1992 GMT (704658105)
	Job: "7" priority: 1017 time: Thu Apr 30 12:49:27 1992 GMT (704638167)
	Job: "2" priority: 826 time: Mon Apr 27 22:53:07 1992 GMT (704415187)
	Job: "8" priority: 944 time: Mon Apr 27 02:26:23 1992 GMT (704341583)
	Job: "5" priority: 908 time: Sat Apr 25 18:15:28 1992 GMT (704225728)
	Job: "11" priority: 993 time: Mon Apr 27 14:29:05 1992 GMT (704384945)
	Job: "3" priority: 828 time: Sat Apr 25 16:23:44 1992 GMT (704219024)
	Job: "12" priority: 845 time: Wed Apr 29 17:43:53 1992 GMT (704569433)
	Job: "14" priority: 886 time: Sun Apr 26 01:14:29 1992 GMT (704250869)
TQ 14 jobs:
	Job: "3" priority: 828 time: Sat Apr 25 16:23:44 1992 GMT (704219024)
	Job: "5" priority: 908 time: Sat Apr 25 18:15:28 1992 GMT (704225728)
	Job: "14" priority: 886 time: Sun Apr 26 01:14:29 1992 GMT (704250869)
	Job: "8" priority: 944 time: Mon Apr 27 02:26:23 1992 GMT (704341583)
	Job: "10" priority: 1130 time: Sun Apr 26 17:32:27 1992 GMT (704309547)
	Job: "6" priority: 1122 time: Sun Apr 26 16:19:29 1992 GMT (704305169)
	Job: "1" priority: 1037 time: Sun Apr 26 15:30:54 1992 GMT (704302254)
	Job: "4" priority: 1164 time: Wed Apr 29 12:09:20 1992 GMT (704549360)
	Job: "9" priority: 1093 time: Fri May  1 05:05:41 1992 GMT (704696741)
	Job: "2" priority: 826 time: Mon Apr 27 22:53:07 1992 GMT (704415187)
	Job: "11" priority: 993 time: Mon Apr 27 14:29:05 1992 GMT (704384945)
	Job: "12" priority: 845 time: Wed Apr 29 17:43:53 1992 GMT (704569433)
	Job: "13" priority: 943 time: Thu Apr 30 18:21:45 1992 GMT (704658105)
	Job: "7" priority: 1017 time: Thu Apr 30 12:49:27 1992 GMT (704638167)
